100
236.893100382179
525.24835637511
281.501967849351
228.989633869938
106.725325639353
192.765121206724
175.301218189491
205.399303573932
147.626853114362
171.593932502783
100.730922479553
104.907444324744
201.303328712402
207.208982948149
106.001453593883
220.336813735201
162.015773011248
106.662836353332
270.524988026331
190.465817063472
171.062885920762
108.672409506532
129.663706277339
185.007911807602
81.1380905185273
206.354183173617
199.818718391312
179.127729431893
157.326196637447
58.0223199356702
104.43124633686
165.979375964844
135.022873558212
70.9158588869828
103.92715208216
118.89330574413
83.4058480976924
99.5421474592469
116.430058114793
127.386041091853
67.7803477235316
144.198516767448
129.582072755717
415.88209677683
234.869213037878
53.2525113551496
128.028533358988
424.379389376146
0
0
0
0
0
0
0
0
0
0
0
0
0
0
0
0
0
0
0
0
0
0
0
0
0
0
0
0
0
0
0
0
0
0
0
0
0
0
0
0
0
0
0
0
0
0
0
0
0
0
0
0
4
8.20504981031595
8.4717178198087
8.39333139083916
8.46704498847761
65
75
85
90
0.05
999
