site	spec	elevation	forest	y1999	y2000	y2001	y2002	y2003	y2004	y2005	y2006	y2007	obs1999	obs2000	obs2001	obs2002	obs2003	obs2004	obs2005	obs2006	obs2007	first1999	first2000	first2001	first2002	first2003	first2004	first2005	first2006	first2007
186	Coaltit	420	3	0	1	2	2	0	0	2	1	0	1576	1576	1576	1576	1576	1576	1576	1576	2125	1	0	0	0	0	0	0	0	1
NA.29	Coaltit	450	21	0	0	0	0	3	2	0	1	0	NA	NA	NA	NA	NA	NA	NA	NA	NA	NA	NA	NA	NA	NA	NA	NA	NA	NA
2.1	Coaltit	1050	32	NA	7	15	19	12	11	12	11	7	NA	2064	2064	2064	3299	3299	3299	3299	3299	NA	1	0	0	1	0	0	0	0
189.1	Coaltit	920	9	11	9	5	9	8	7	9	6	2	1576	2031	2031	2031	2031	2031	2031	2031	169	1	1	0	0	0	0	0	0	1
191.1	Coaltit	1110	35	27	24	21	19	22	31	28	9	18	1976	1976	1976	1976	1976	1976	1976	1976	1976	1	0	0	0	0	0	0	0	0
5	Coaltit	510	2	NA	0	2	1	0	0	0	0	0	NA	2158	3288	3288	3304	3304	3304	3304	3304	NA	1	1	0	1	0	0	0	0
192	Coaltit	800	6	0	6	NA	NA	1	1	7	1	0	3046	2158	NA	NA	2148	1971	2049	1699	1699	1	1	NA	NA	1	1	1	1	0
6.1	Coaltit	630	60	14	15	17	6	20	16	24	15	9	3046	3046	3046	3046	2148	2148	2148	2148	2148	1	0	0	0	1	0	0	0	0
198.1	Coaltit	590	5	2	3	2	1	NA	0	1	0	1	245	245	2064	2064	NA	1699	1699	2261	2261	1	0	1	0	NA	1	0	1	0
199	Coaltit	530	13	7	5	2	3	3	9	10	9	4	2095	2095	2095	2095	2095	2095	2095	2095	2095	1	0	0	0	0	0	0	0	0
8.1	Coaltit	1140	50	27	26	28	28	31	31	54	16	19	3202	3202	3202	3202	3202	1971	3288	3288	3288	1	0	0	0	0	1	1	0	0
200.1	Coaltit	770	57	51	42	34	33	36	36	46	27	10	297	297	297	297	297	297	297	3264	3264	1	0	0	0	0	0	0	1	0
201	Coaltit	1220	84	11	21	14	13	25	18	24	4	11	2135	2135	2135	2135	2135	2135	2135	2135	2135	1	0	0	0	0	0	0	0	0
203	Coaltit	720	15	5	8	NA	6	4	3	7	6	8	3264	3264	NA	3264	3264	2485	2485	2485	2485	1	0	NA	0	0	1	0	0	0
204	Coaltit	460	17	5	NA	1	0	3	6	8	8	7	2095	NA	2270	2270	105	105	105	2254	2254	1	NA	1	0	1	0	0	1	0
206.1	Coaltit	1010	58	14	22	8	14	5	13	15	10	11	3091	3091	3091	3091	3091	3091	3091	3091	3091	1	0	0	0	0	0	0	0	0
208	Coaltit	760	26	8	20	11	4	12	14	13	8	11	3271	3271	3271	3294	2153	3136	3136	3136	3136	1	0	0	1	1	1	0	0	0
210.1	Coaltit	1300	32	13	20	8	15	16	19	26	7	12	2177	2177	2177	2177	2177	2177	2177	2177	2177	1	0	0	0	0	0	0	0	0
212.1	Coaltit	1270	66	47	50	42	24	34	30	29	30	37	1678	1678	1678	2380	2380	2380	2380	2095	2095	1	0	0	1	0	0	0	1	0
14.1	Coaltit	380	45	21	15	15	7	13	14	22	13	4	3050	3050	3050	3050	3050	3050	3050	3050	3050	1	0	0	0	0	0	0	0	0
213	Coaltit	740	44	15	12	14	7	9	8	9	12	8	278	278	278	278	278	278	278	2010	2010	1	0	0	0	0	0	0	1	0
15	Coaltit	760	9	13	12	7	9	1	NA	6	2	7	2031	2031	2031	2031	2096	NA	2246	3136	3136	1	0	0	0	1	NA	1	1	0
214.1	Coaltit	550	31	12	10	11	6	14	18	26	10	7	1702	1702	3015	1702	2400	2400	2400	2400	2400	1	0	1	0	1	0	0	0	0
216	Coaltit	390	8	0	0	0	0	0	2	2	0	0	1439	1439	1439	1439	1439	1439	1439	1439	1439	1	0	0	0	0	0	0	0	0
217.1	Coaltit	1380	78	17	26	13	14	16	15	19	9	15	170	170	170	170	2347	3291	3291	3264	3338	1	0	0	0	1	1	0	1	1
219	Coaltit	530	37	8	14	6	7	10	12	11	7	5	2115	2115	2115	2115	2115	2115	2115	2115	2115	1	0	0	0	0	0	0	0	0
221.1	Coaltit	1190	18	24	28	25	24	25	15	11	9	12	3202	3202	3202	3202	3202	1971	2493	2493	2493	1	0	0	0	0	1	1	0	0
223.1	Coaltit	1490	54	55	44	28	25	39	41	45	26	41	245	245	245	245	2095	2095	2095	2095	2095	1	0	0	0	1	0	0	0	0
225	Coaltit	920	6	8	7	7	4	3	3	5	4	2	3136	3136	3136	3136	3136	3136	3136	3136	3136	1	0	0	0	0	0	0	0	0
24	Coaltit	620	3	1	2	2	2	2	1	1	0	0	3038	3038	3038	3038	3038	3038	3038	3038	3038	1	0	0	0	0	0	0	0	0
226	Coaltit	540	27	2	5	5	4	11	2	5	7	2	2037	2037	2037	2037	2037	2270	2270	1276	1276	1	0	0	0	0	1	0	1	0
229.1	Coaltit	820	56	44	40	12	21	32	35	27	14	14	1856	1856	2043	1856	1856	1856	2165	2531	2493	1	0	1	0	0	0	1	1	1
230.1	Coaltit	1220	66	58	61	67	53	69	66	70	78	67	1679	2018	2018	2018	2018	2018	2018	2018	2018	1	1	0	0	0	0	0	0	0
231	Coaltit	490	5	1	2	NA	NA	0	0	1	3	0	1662	1961	NA	NA	2095	2095	2095	2095	2095	1	1	NA	NA	1	0	0	0	0
232.1	Coaltit	1210	51	48	33	41	41	28	35	46	29	29	2031	2031	2031	2031	2095	2095	2095	2095	2095	1	0	0	0	1	0	0	0	0
29.1	Coaltit	1180	43	25	NA	NA	10	14	11	9	6	27	3136	NA	NA	1341	1341	1341	1341	1341	2507	1	NA	NA	1	0	0	0	0	1
233	Coaltit	730	40	45	40	31	27	34	31	39	19	23	3038	3038	3038	3038	3038	3038	3038	3038	3038	1	0	0	0	0	0	0	0	0
234.1	Coaltit	580	5	NA	2	0	0	1	1	0	0	0	NA	2066	2066	2066	2066	2066	2066	2066	2066	NA	1	0	0	0	0	0	0	0
236.1	Coaltit	1270	52	12	17	11	14	11	11	23	9	10	2098	2098	2098	2098	2098	2098	2098	2098	2049	1	0	0	0	0	0	0	0	1
31	Coaltit	930	38	29	26	22	27	18	19	20	17	20	3213	3213	3213	3213	3213	3213	3213	3213	3213	1	0	0	0	0	0	0	0	0
238.1	Coaltit	510	49	9	6	8	4	6	9	11	8	4	1933	1933	1933	1933	1933	1933	1933	1933	1458	1	0	0	0	0	0	0	0	1
239.1	Coaltit	1830	15	4	11	NA	5	11	9	9	3	3	1679	1961	NA	1961	1856	1856	1385	1385	1385	1	1	NA	0	1	0	1	0	0
NA.30	Coaltit	1940	62	23	22	16	17	26	22	16	16	24	NA	NA	NA	NA	NA	NA	NA	NA	NA	NA	NA	NA	NA	NA	NA	NA	NA	NA
240.1	Coaltit	1090	82	59	65	59	47	53	61	61	58	66	1678	1678	1678	2018	2018	2018	2018	2018	2018	1	0	0	1	0	0	0	0	0
34.1	Coaltit	1260	29	35	42	21	25	31	37	36	19	18	2029	2029	2029	2029	2029	2029	2029	2029	2029	1	0	0	0	0	0	0	0	0
37	Coaltit	790	5	3	1	4	7	6	3	11	2	2	2148	2148	2148	2148	2148	2148	2148	2148	2148	1	0	0	0	0	0	0	0	0
NA.31	Coaltit	2270	NA	1	0	0	0	0	1	0	0	0	NA	NA	NA	NA	NA	NA	NA	NA	NA	NA	NA	NA	NA	NA	NA	NA	NA	NA
247.1	Coaltit	1730	58	29	41	31	17	17	20	23	25	32	1678	1678	1678	1513	1513	1513	1513	1679	1679	1	0	0	1	0	0	0	1	0
248.1	Coaltit	1160	34	33	20	25	26	18	23	36	13	19	1576	1576	1576	1576	2095	2095	2095	2095	2095	1	0	0	0	1	0	0	0	0
40.1	Coaltit	1120	98	21	20	14	23	24	24	20	18	18	1750	1750	1750	1750	1750	1750	1750	1750	1750	1	0	0	0	0	0	0	0	0
250.1	Coaltit	620	33	2	2	0	4	1	0	8	2	0	3092	3092	3092	3092	3092	2153	2011	2011	2011	1	0	0	0	0	1	1	0	0
41	Coaltit	590	53	33	16	13	14	20	17	16	14	9	3010	3010	3010	3010	3010	3010	3010	3010	3010	1	0	0	0	0	0	0	0	0
44.1	Coaltit	1840	17	12	13	11	16	24	23	11	3	16	1554	1554	1554	1554	1554	1554	1554	1554	1554	1	0	0	0	0	0	0	0	0
256	Coaltit	930	16	17	19	1	17	11	11	21	8	1	1965	1965	1283	1965	3275	3275	2175	1834	2610	1	0	1	0	1	0	1	1	1
257.1	Coaltit	540	60	26	20	17	7	15	21	24	21	16	154	154	154	154	154	2117	2117	2117	2117	1	0	0	0	0	1	0	0	0
258	Coaltit	420	2	3	6	0	0	1	0	NA	2	4	1856	1856	2043	1856	1856	2509	NA	2493	2493	1	0	1	0	0	1	NA	1	0
NA.32	Coaltit	1400	52	41	40	39	41	40	33	52	39	41	NA	NA	NA	NA	NA	NA	NA	NA	NA	NA	NA	NA	NA	NA	NA	NA	NA	NA
260.1	Coaltit	890	58	17	22	24	19	24	23	29	22	23	1513	1513	1513	1513	1513	1513	1513	1513	1513	1	0	0	0	0	0	0	0	0
48.1	Coaltit	1460	50	24	28	20	17	26	22	23	20	20	1550	1550	1550	1550	1550	1550	1550	1550	1550	1	0	0	0	0	0	0	0	0
261.1	Coaltit	1850	12	NA	4	3	4	2	7	4	0	1	NA	2050	2050	2050	2050	2050	2050	2050	2050	NA	1	0	0	0	0	0	0	0
49	Coaltit	1420	29	22	21	17	17	27	19	13	8	7	1934	1934	1934	1934	3301	2153	2266	2266	2266	1	0	0	0	1	1	1	0	0
263	Coaltit	600	16	14	12	7	11	10	12	11	9	0	1386	1966	1966	1830	2066	2066	2066	2049	3334	1	1	0	1	1	0	0	1	1
50.1	Coaltit	550	83	20	25	18	22	25	25	37	8	6	3176	3176	3176	3176	3176	3176	3176	1690	1690	1	0	0	0	0	0	0	1	0
51	Coaltit	750	79	29	20	32	24	23	30	21	21	13	1638	1638	1638	1638	1638	1638	1638	1553	1553	1	0	0	0	0	0	0	1	0
NA.33	Coaltit	1790	51	22	32	26	26	29	34	45	33	39	NA	NA	NA	NA	NA	NA	NA	NA	NA	NA	NA	NA	NA	NA	NA	NA	NA	NA
NA.34	Coaltit	680	8	4	4	0	0	0	0	3	0	0	NA	NA	NA	NA	NA	NA	NA	NA	NA	NA	NA	NA	NA	NA	NA	NA	NA	NA
53.1	Coaltit	990	45	37	44	24	34	25	38	49	21	31	1934	1934	1934	1934	1966	2153	2175	1834	1834	1	0	0	0	1	1	1	1	0
272	Coaltit	520	5	NA	6	1	0	0	1	4	4	0	NA	2085	2085	2085	2085	2085	2085	2085	2085	NA	1	0	0	0	0	0	0	0
56	Coaltit	760	64	8	19	14	15	18	19	20	6	9	2117	2117	2117	2117	2117	2117	2343	2493	2493	1	0	0	0	0	0	1	1	0
274	Coaltit	370	14	0	1	2	2	1	4	5	0	0	1553	1553	2245	2245	2245	2245	2245	2245	2245	1	0	1	0	0	0	0	0	0
277.1	Coaltit	650	NA	0	0	1	1	0	3	1	1	1	1364	1364	1364	1364	1364	1364	1455	1455	1455	1	0	0	0	0	0	1	0	0
59	Coaltit	660	30	9	25	26	33	43	56	53	29	32	1373	1373	961	961	961	961	961	961	961	1	0	1	0	0	0	0	0	0
278.1	Coaltit	730	17	17	16	13	14	16	15	18	12	11	2210	2210	2210	2210	2210	2210	2210	2210	2210	1	0	0	0	0	0	0	0	0
60.1	Coaltit	460	65	21	20	12	12	13	21	26	11	14	1935	1935	1935	2117	2117	2117	2117	2117	1834	1	0	0	1	0	0	0	0	1
281	Coaltit	360	30	3	3	2	2	1	2	1	0	0	2048	2048	2048	2048	2048	2048	2048	2048	2048	1	0	0	0	0	0	0	0	0
NA.35	Coaltit	1940	5	0	6	2	2	3	7	4	1	5	NA	NA	NA	NA	NA	NA	NA	NA	NA	NA	NA	NA	NA	NA	NA	NA	NA	NA
NA.36	Coaltit	970	55	18	16	21	11	21	18	19	4	9	NA	NA	NA	NA	NA	NA	NA	NA	NA	NA	NA	NA	NA	NA	NA	NA	NA	NA
NA.37	Coaltit	2400	NA	0	0	0	0	0	0	1	1	0	NA	NA	NA	NA	NA	NA	NA	NA	NA	NA	NA	NA	NA	NA	NA	NA	NA	NA
283.1	Coaltit	1320	66	29	37	16	19	NA	25	33	24	39	1455	1961	3268	1966	NA	1856	1856	2125	1966	1	1	1	1	NA	1	0	1	0
284	Coaltit	790	8	12	13	8	1	2	12	14	5	6	3268	3268	3268	2381	3301	3301	3301	3301	3301	1	0	0	1	1	0	0	0	0
286	Coaltit	470	75	20	22	18	13	17	18	10	NA	NA	2233	2233	2233	2233	2233	2233	2233	NA	NA	1	0	0	0	0	0	0	NA	NA
288	Coaltit	410	68	8	9	3	7	8	8	15	3	0	1989	1989	1989	1989	1989	1989	1989	2397	2397	1	0	0	0	0	0	0	1	0
289.1	Coaltit	1940	72	11	10	10	9	6	11	9	13	12	1513	1513	1513	1513	1513	1513	1513	1513	1513	1	0	0	0	0	0	0	0	0
290.1	Coaltit	1570	95	18	30	31	40	31	32	36	17	25	3073	3073	3073	3073	3073	3073	3073	3073	3073	1	0	0	0	0	0	0	0	0
NA.38	Coaltit	1880	57	11	8	12	13	20	14	26	17	6	NA	NA	NA	NA	NA	NA	NA	NA	NA	NA	NA	NA	NA	NA	NA	NA	NA	NA
68.1	Coaltit	1290	64	26	30	22	19	24	30	27	6	13	1455	2266	2266	2266	3301	1856	1856	1646	3301	1	1	0	0	1	1	0	1	0
291.1	Coaltit	1340	44	24	26	16	20	44	53	47	31	33	3268	3268	3268	1966	2444	2444	2444	2444	2444	1	0	0	1	1	0	0	0	0
69.1	Coaltit	880	44	30	29	27	24	22	26	28	21	20	2050	2050	2050	2050	2050	2050	2050	2050	2050	1	0	0	0	0	0	0	0	0
292	Coaltit	710	34	17	21	19	21	27	31	35	23	19	1455	1834	1834	1834	1834	1834	1834	1834	1834	1	1	0	0	0	0	0	0	0
293	Coaltit	630	21	18	18	16	13	14	15	15	7	11	1979	1979	1979	1979	1979	1979	1979	1979	1979	1	0	0	0	0	0	0	0	0
70	Coaltit	450	23	5	7	7	3	6	5	9	2	2	2101	2101	2101	2101	2101	2101	2101	2101	2101	1	0	0	0	0	0	0	0	0
297.1	Coaltit	1650	43	14	13	14	17	18	17	18	12	14	1758	1758	1758	1758	1758	1758	1758	1758	1758	1	0	0	0	0	0	0	0	0
NA.39	Coaltit	2050	30	10	6	7	8	18	27	23	7	9	NA	NA	NA	NA	NA	NA	NA	NA	NA	NA	NA	NA	NA	NA	NA	NA	NA	NA
299	Coaltit	790	26	16	17	7	7	13	12	12	6	9	1820	1820	1820	1820	1820	1820	1820	1820	1820	1	0	0	0	0	0	0	0	0
72	Coaltit	730	7	7	6	5	5	6	4	5	3	2	2011	2011	2011	2011	2011	3309	3309	3309	3309	1	0	0	0	0	1	0	0	0
300	Coaltit	490	87	40	31	27	40	32	46	57	27	26	1834	1834	1834	1834	1834	1834	1834	1834	1834	1	0	0	0	0	0	0	0	0
301	Coaltit	840	49	NA	13	18	22	18	17	17	10	16	NA	2087	2087	2087	2087	2087	2087	2087	2087	NA	1	0	0	0	0	0	0	0
74	Coaltit	450	39	10	17	10	8	7	11	11	5	1	109	109	109	109	109	109	109	109	109	1	0	0	0	0	0	0	0	0
75.1	Coaltit	1010	93	34	49	44	44	41	34	51	23	30	1383	1383	1383	1383	1383	1383	1383	1383	1383	1	0	0	0	0	0	0	0	0
76.1	Coaltit	1450	48	21	28	15	15	22	26	29	19	23	1455	1961	1455	2153	2153	2153	2175	1834	1834	1	1	0	1	0	0	1	1	0
305	Coaltit	850	11	12	7	6	10	13	16	17	13	12	1455	1455	1455	1455	3301	3307	3307	3307	3307	1	0	0	0	1	1	0	0	0
77.1	Coaltit	1240	73	32	40	16	25	30	19	24	12	8	3257	3257	3257	1834	1834	1112	1112	1112	1112	1	0	0	1	0	1	0	0	0
307	Coaltit	570	12	1	0	0	0	0	0	1	0	0	1880	1880	1880	1880	1880	1880	1880	1880	1880	1	0	0	0	0	0	0	0	0
310.1	Coaltit	1500	42	23	26	40	34	35	31	30	31	25	2226	2226	2226	2226	2226	2226	3316	3316	3316	1	0	0	0	0	0	1	0	0
81	Coaltit	1420	26	NA	18	13	11	27	29	21	8	21	NA	1332	1332	1332	3307	3307	3307	3307	3307	NA	1	0	0	1	0	0	0	0
312.1	Coaltit	780	13	9	11	5	9	11	5	11	9	7	1455	1455	1455	1455	2394	2394	2394	2394	2394	1	0	0	0	1	0	0	0	0
82	Coaltit	470	2	NA	2	1	0	0	0	2	0	0	NA	1259	1259	1259	1259	1259	1259	1259	1259	NA	1	0	0	0	0	0	0	0
NA.40	Coaltit	2080	15	0	2	0	0	0	0	0	0	0	NA	NA	NA	NA	NA	NA	NA	NA	NA	NA	NA	NA	NA	NA	NA	NA	NA	NA
NA.41	Coaltit	2020	54	1	3	2	7	7	7	13	3	6	NA	NA	NA	NA	NA	NA	NA	NA	NA	NA	NA	NA	NA	NA	NA	NA	NA	NA
84.1	Coaltit	1750	74	26	32	33	34	36	30	35	17	18	2229	2229	2229	2229	2229	2229	2229	2229	2229	1	0	0	0	0	0	0	0	0
85.1	Coaltit	1630	45	14	14	11	10	14	14	18	13	10	1455	1455	1455	1455	1455	1455	1455	1455	1455	1	0	0	0	0	0	0	0	0
319.1	Coaltit	640	61	36	35	31	26	34	37	52	23	23	1863	1863	1863	1863	1863	1863	1863	1863	1863	1	0	0	0	0	0	0	0	0
320	Coaltit	530	33	NA	32	11	14	18	12	18	14	11	NA	189	189	189	1259	3298	3298	3298	3298	NA	1	0	0	1	1	0	0	0
87	Coaltit	660	54	NA	14	5	5	7	15	17	3	5	NA	1792	3276	3276	3302	1189	1189	1189	1189	NA	1	1	0	1	1	0	0	0
NA.42	Coaltit	1360	69	9	13	15	6	4	6	3	4	2	NA	NA	NA	NA	NA	NA	NA	NA	NA	NA	NA	NA	NA	NA	NA	NA	NA	NA
89.1	Coaltit	1290	47	20	34	19	20	29	28	28	9	22	1559	1559	1559	1559	1559	1559	1559	1559	1559	1	0	0	0	0	0	0	0	0
324.1	Coaltit	670	5	3	3	0	2	2	4	4	1	0	1756	1756	3276	1961	2469	2469	2469	2469	2469	1	0	1	1	1	0	0	0	0
327	Coaltit	480	36	11	9	9	9	10	11	6	7	5	1845	1281	1281	1281	1281	1281	2139	2139	2139	1	1	0	0	0	0	1	0	0
NA.43	Coaltit	2000	60	9	12	14	9	11	13	12	NA	NA	NA	NA	NA	NA	NA	NA	NA	NA	NA	NA	NA	NA	NA	NA	NA	NA	NA	NA
92.1	Coaltit	800	72	10	11	9	8	5	27	32	12	18	1681	1681	1681	1681	1681	2153	1899	1899	3301	1	0	0	0	0	1	1	0	1
329.1	Coaltit	1010	29	19	21	12	15	19	19	32	19	20	1397	1397	1397	1397	1397	1397	2633	2633	2633	1	0	0	0	0	0	1	0	0
93	Coaltit	680	7	9	11	6	11	5	6	17	4	4	1745	1745	1745	1745	1745	1745	1745	1745	1745	1	0	0	0	0	0	0	0	0
330	Coaltit	490	7	0	6	2	0	0	1	1	0	0	2040	1876	1876	1876	1876	1876	1876	1876	1876	1	1	0	0	0	0	0	0	0
94	Coaltit	400	13	1	2	0	1	0	1	1	0	0	1943	1943	1943	1943	1943	1943	1943	1943	1943	1	0	0	0	0	0	0	0	0
331	Coaltit	320	2	1	0	0	0	0	0	1	0	0	1742	1742	1742	1742	1742	1742	1742	1742	1742	1	0	0	0	0	0	0	0	0
332.1	Coaltit	1400	16	16	18	10	15	18	19	25	NA	20	1724	1724	1724	1724	1724	1724	1724	1048	3301	1	0	0	0	0	0	0	1	1
96.1	Coaltit	590	62	13	10	12	15	16	16	15	8	12	1253	1253	2043	2043	2043	2043	2521	2521	2521	1	0	1	0	0	0	1	0	0
334	Coaltit	430	9	0	0	0	2	2	0	1	0	0	2081	2081	2081	2081	2081	2337	2081	2081	2081	1	0	0	0	0	1	0	0	0
97	Coaltit	410	37	10	8	10	3	7	8	5	3	4	3259	3259	3259	3259	3259	3259	3259	3259	3259	1	0	0	0	0	0	0	0	0
341	Coaltit	510	71	12	15	7	3	12	16	11	3	3	1991	1991	1991	1991	3303	3303	3303	3303	3303	1	0	0	0	1	0	0	0	0
100.1	Coaltit	1930	41	2	3	9	12	18	15	11	20	15	1792	1792	1792	1792	1792	1792	1792	1792	1792	1	0	0	0	0	0	0	0	0
342.1	Coaltit	1560	19	1	1	0	0	2	3	1	1	0	1834	1834	1834	1834	1834	1834	1834	1834	1834	1	0	0	0	0	0	0	0	0
102.1	Coaltit	700	24	10	18	14	13	8	12	12	8	6	1975	1975	1975	1975	2415	2415	2415	2415	2415	1	0	0	0	1	0	0	0	0
344	Coaltit	440	10	7	4	2	4	4	2	5	2	2	1730	1730	1730	1730	1730	1730	1730	1730	1730	1	0	0	0	0	0	0	0	0
345	Coaltit	480	NA	0	1	1	0	1	0	1	0	0	3263	3263	3263	3263	3263	3263	3263	3263	3263	1	0	0	0	0	0	0	0	0
346	Coaltit	490	70	13	17	14	18	10	22	14	6	14	2055	2055	2055	1458	1809	1809	1809	1809	1809	1	0	0	1	1	0	0	0	0
NA.44	Coaltit	1460	46	29	26	35	36	43	47	41	57	45	NA	NA	NA	NA	NA	NA	NA	NA	NA	NA	NA	NA	NA	NA	NA	NA	NA	NA
104.1	Coaltit	1850	45	11	13	6	13	18	18	7	13	17	2100	2100	2100	2100	2100	2100	2100	2100	2100	1	0	0	0	0	0	0	0	0
107	Coaltit	490	18	8	6	8	5	6	9	6	1	0	1419	1419	1419	1419	1419	1419	1419	2168	2168	1	0	0	0	0	0	0	1	0
108	Coaltit	480	20	21	13	10	10	15	11	9	10	9	1715	1715	1715	1715	3305	3305	3305	3305	3305	1	0	0	0	1	0	0	0	0
354	Coaltit	720	99	24	31	20	12	14	22	25	16	11	3094	3094	3094	3094	3094	3094	3094	3094	3094	1	0	0	0	0	0	0	0	0
NA.45	Coaltit	1370	62	25	24	33	21	25	19	28	14	18	NA	NA	NA	NA	NA	NA	NA	NA	NA	NA	NA	NA	NA	NA	NA	NA	NA	NA
358.1	Coaltit	1820	5	0	0	1	0	1	1	2	2	0	1650	1650	1650	1651	1651	1651	1651	1651	1651	1	0	0	1	0	0	0	0	0
NA.46	Coaltit	440	3	0	0	2	1	0	0	0	0	0	NA	NA	NA	NA	NA	NA	NA	NA	NA	NA	NA	NA	NA	NA	NA	NA	NA	NA
112	Coaltit	820	20	10	14	10	10	9	14	25	14	8	1975	1975	1975	1975	1975	1975	3313	3313	1975	1	0	0	0	0	0	1	0	0
360.1	Coaltit	670	36	20	28	21	29	23	25	28	24	20	2058	2058	2058	2058	2058	2058	2058	2058	2058	1	0	0	0	0	0	0	0	0
361	Coaltit	610	19	NA	14	8	5	9	10	10	16	7	NA	1961	1961	2234	2387	2387	2387	2387	2387	NA	1	0	1	1	0	0	0	0
NA.47	Coaltit	1700	35	5	5	6	8	9	12	9	10	13	NA	NA	NA	NA	NA	NA	NA	NA	NA	NA	NA	NA	NA	NA	NA	NA	NA	NA
NA.48	Coaltit	1580	78	28	26	11	25	27	32	38	27	43	NA	NA	NA	NA	NA	NA	NA	NA	NA	NA	NA	NA	NA	NA	NA	NA	NA	NA
114	Coaltit	900	87	0	0	3	3	10	9	4	5	3	1728	1728	1728	1728	1728	1728	1728	1728	1728	1	0	0	0	0	0	0	0	0
365.1	Coaltit	1700	80	20	21	15	31	38	28	31	39	45	1489	1489	1489	1984	1984	1899	1899	1899	1899	1	0	0	1	0	1	0	0	0
367.1	Coaltit	1250	51	NA	23	27	21	31	36	53	24	31	NA	1837	1837	1837	1837	1837	1837	1837	1837	NA	1	0	0	0	0	0	0	0
368.1	Coaltit	910	21	8	7	3	6	8	10	13	6	7	200	200	200	200	200	1651	1651	1651	1651	1	0	0	0	0	1	0	0	0
118	Coaltit	540	11	5	9	5	6	6	4	3	2	3	1682	1682	1682	1682	1682	1682	1682	1682	3333	1	0	0	0	0	0	0	0	1
370	Coaltit	450	29	6	5	5	10	6	4	8	5	14	1598	1598	1598	1910	1910	1910	1910	1910	3305	1	0	0	1	0	0	0	0	1
119	Coaltit	470	55	1	2	10	12	14	8	9	5	8	1947	1947	1722	1458	2375	2375	2375	2375	2375	1	0	1	1	1	0	0	0	0
NA.49	Coaltit	470	54	0	0	2	1	0	1	0	1	0	NA	NA	NA	NA	NA	NA	NA	NA	NA	NA	NA	NA	NA	NA	NA	NA	NA	NA
375.1	Coaltit	1880	32	4	4	0	1	0	5	5	0	6	189	189	189	189	3279	1476	1458	2049	2422	1	0	0	0	1	1	1	1	1
376.1	Coaltit	1400	32	8	17	23	20	27	29	19	12	18	3007	3007	3007	3007	3007	3007	3007	3007	3007	1	0	0	0	0	0	0	0	0
124	Coaltit	470	3	NA	2	0	0	0	0	0	0	1	NA	1545	1545	1545	1545	1545	1545	1545	2163	NA	1	0	0	0	0	0	0	1
NA.50	Coaltit	1190	82	11	9	10	10	11	14	18	11	24	NA	NA	NA	NA	NA	NA	NA	NA	NA	NA	NA	NA	NA	NA	NA	NA	NA	NA
NA.51	Coaltit	830	58	1	3	0	1	0	6	6	3	3	NA	NA	NA	NA	NA	NA	NA	NA	NA	NA	NA	NA	NA	NA	NA	NA	NA	NA
383.1	Coaltit	1950	36	NA	9	3	11	19	21	9	14	17	NA	2335	2335	2335	2335	2335	2335	1356	1356	NA	1	0	0	0	0	0	1	0
127.1	Coaltit	1660	86	17	21	14	17	41	37	24	38	24	1025	1025	1025	1025	1458	1458	1458	1458	1894	1	0	0	0	1	0	0	0	1
386.1	Coaltit	1210	75	20	24	13	17	17	16	18	16	18	1047	1047	1047	1047	1047	1047	1047	1047	1047	1	0	0	0	0	0	0	0	0
388.1	Coaltit	380	23	0	0	0	2	5	6	7	0	1	2136	2136	2136	2136	2136	2136	2136	2136	1515	1	0	0	0	0	0	0	0	1
NA.52	Coaltit	2020	15	0	0	0	0	0	0	0	1	3	NA	NA	NA	NA	NA	NA	NA	NA	NA	NA	NA	NA	NA	NA	NA	NA	NA	NA
NA.53	Coaltit	1840	NA	2	0	2	1	1	1	3	0	2	NA	NA	NA	NA	NA	NA	NA	NA	NA	NA	NA	NA	NA	NA	NA	NA	NA	NA
NA.54	Coaltit	780	59	3	4	6	6	5	3	2	0	4	NA	NA	NA	NA	NA	NA	NA	NA	NA	NA	NA	NA	NA	NA	NA	NA	NA	NA
NA.55	Coaltit	1960	58	33	15	10	15	17	21	22	27	32	NA	NA	NA	NA	NA	NA	NA	NA	NA	NA	NA	NA	NA	NA	NA	NA	NA	NA
390.1	Coaltit	950	71	4	4	6	6	6	8	11	13	9	1535	1535	1535	1535	1535	1535	1535	1535	1535	1	0	0	0	0	0	0	0	0
132.1	Coaltit	1610	43	21	22	16	27	18	23	13	23	22	1414	1414	1745	2449	2449	2449	2449	2449	2449	1	0	1	1	0	0	0	0	0
397	Coaltit	880	69	26	16	15	18	23	36	33	32	32	3260	3260	3260	3260	1419	1419	1834	1760	1458	1	0	0	0	1	0	1	1	1
398	Coaltit	480	6	1	6	3	1	1	2	0	0	0	3261	3261	3261	3261	2440	3261	2440	2440	2440	1	0	0	0	1	0	0	0	0
136	Coaltit	550	67	19	14	16	10	10	13	13	7	9	1515	1515	1515	1515	1515	1515	1515	1515	1515	1	0	0	0	0	0	0	0	0
NA.56	Coaltit	960	72	NA	3	3	5	9	6	8	1	3	NA	NA	NA	NA	NA	NA	NA	NA	NA	NA	NA	NA	NA	NA	NA	NA	NA	NA
399	Coaltit	340	42	1	0	0	1	0	1	0	0	0	221	2353	2353	2353	2353	3310	3310	3310	3310	1	1	0	0	0	1	0	0	0
138	Coaltit	550	72	NA	1	1	0	0	0	2	0	1	NA	1674	1674	1674	1674	1674	1674	1674	1674	NA	1	0	0	0	0	0	0	0
402.1	Coaltit	1320	79	8	10	9	9	13	14	11	21	22	3082	3082	3082	3082	3082	3082	3082	3082	3082	1	0	0	0	0	0	0	0	0
403	Coaltit	260	47	1	0	0	0	0	2	4	1	1	1728	1728	1728	1728	1728	1728	1728	1728	1728	1	0	0	0	0	0	0	0	0
141.1	Coaltit	2010	26	1	3	NA	4	11	14	8	14	9	3265	3265	NA	3265	3265	3265	3265	3265	3265	1	0	NA	0	0	0	0	0	0
408.1	Coaltit	1130	56	16	35	10	9	20	19	20	11	24	1557	1557	1557	1557	1557	1557	1557	1557	1856	1	0	0	0	0	0	0	0	1
NA.57	Coaltit	1480	20	2	1	0	0	NA	1	3	2	5	NA	NA	NA	NA	NA	NA	NA	NA	NA	NA	NA	NA	NA	NA	NA	NA	NA	NA
NA.58	Coaltit	1910	18	2	4	4	3	5	4	5	4	6	NA	NA	NA	NA	NA	NA	NA	NA	NA	NA	NA	NA	NA	NA	NA	NA	NA	NA
147.1	Coaltit	1630	33	3	3	2	9	9	9	10	12	16	1828	1828	2153	3265	3265	3265	3265	3265	3265	1	0	1	1	0	0	0	0	0
415.1	Coaltit	1540	21	7	8	4	10	11	9	13	3	12	3161	3161	3161	3161	3161	3161	3161	3161	3161	1	0	0	0	0	0	0	0	0
416.1	Coaltit	1340	39	21	34	23	23	39	41	35	23	36	3196	3196	3196	3196	3196	3196	3196	3196	3196	1	0	0	0	0	0	0	0	0
417.1	Coaltit	1180	69	29	34	14	22	23	35	31	21	21	1834	1834	1834	1834	1834	1834	1107	1107	1107	1	0	0	0	0	0	1	0	0
149	Coaltit	830	42	30	34	25	24	33	29	32	25	22	1612	1612	1612	1612	1612	1612	1612	1612	1612	1	0	0	0	0	0	0	0	0
418	Coaltit	670	19	NA	13	8	NA	8	10	10	7	5	NA	1463	1463	NA	1463	1463	1463	1463	1463	NA	1	0	NA	0	0	0	0	0
150.1	Coaltit	540	98	25	26	47	35	22	20	25	18	24	1834	1795	3285	3285	3285	3285	3285	2440	2440	1	1	1	0	0	0	0	1	0
NA.59	Coaltit	1410	52	20	19	10	14	17	17	18	10	8	NA	NA	NA	NA	NA	NA	NA	NA	NA	NA	NA	NA	NA	NA	NA	NA	NA	NA
420.1	Coaltit	1320	90	32	41	21	28	35	29	43	13	30	2060	2060	2060	2060	2060	2060	2060	3310	3310	1	0	0	0	0	0	0	1	0
423.1	Coaltit	1290	10	5	4	4	6	4	10	13	9	11	1828	1828	2153	1828	1828	1828	3297	3265	3265	1	0	1	0	0	0	1	1	0
NA.60	Coaltit	890	50	9	9	4	2	3	1	14	20	19	NA	NA	NA	NA	NA	NA	NA	NA	NA	NA	NA	NA	NA	NA	NA	NA	NA	NA
426	Coaltit	580	54	NA	18	12	12	18	15	15	12	15	NA	3256	3256	3256	3256	3256	3256	3256	3256	NA	1	0	0	0	0	0	0	0
153	Coaltit	500	9	2	2	1	2	1	1	3	1	2	1052	1052	1052	1052	1052	1052	1052	1052	1052	1	0	0	0	0	0	0	0	0
NA.61	Coaltit	1220	51	NA	43	25	28	34	40	41	33	55	NA	NA	NA	NA	NA	NA	NA	NA	NA	NA	NA	NA	NA	NA	NA	NA	NA	NA
NA.62	Coaltit	2020	NA	0	0	0	0	0	0	1	0	0	NA	NA	NA	NA	NA	NA	NA	NA	NA	NA	NA	NA	NA	NA	NA	NA	NA	NA
428.1	Coaltit	710	35	19	20	20	26	34	35	28	23	23	2217	2217	2217	2217	2217	2217	2217	2217	2217	1	0	0	0	0	0	0	0	0
NA.63	Coaltit	1820	57	9	18	8	15	16	19	18	25	22	NA	NA	NA	NA	NA	NA	NA	NA	NA	NA	NA	NA	NA	NA	NA	NA	NA	NA
156	Coaltit	1940	2	0	1	1	0	2	2	3	1	1	1644	1644	1644	1644	1644	1644	1644	1644	1644	1	0	0	0	0	0	0	0	0
157	Coaltit	920	42	8	14	10	NA	8	16	26	25	26	1712	1463	1463	NA	1463	3256	3256	3256	3256	1	1	0	NA	0	1	0	0	0
430	Coaltit	520	18	1	2	11	8	7	6	7	5	5	144	144	3285	1961	1961	2518	2518	2518	3331	1	0	1	1	0	1	0	0	1
158.1	Coaltit	1890	12	0	0	0	0	1	0	2	0	2	2120	1961	1458	1458	1458	1379	3318	3318	2420	1	1	1	0	0	1	1	0	1
431.1	Coaltit	1650	34	7	10	6	8	4	8	9	4	13	1771	1961	3273	3273	3273	3273	3273	3273	3273	1	1	1	0	0	0	0	0	0
159.1	Coaltit	1390	68	21	26	18	30	28	23	36	23	27	1805	1805	1805	2197	1805	2197	2197	2197	2197	1	0	0	1	0	0	0	0	0
432.1	Coaltit	1390	63	9	19	6	9	17	16	23	13	8	174	174	174	174	174	174	174	174	174	1	0	0	0	0	0	0	0	0
160.1	Coaltit	1290	48	31	22	14	14	17	20	25	16	14	3258	3258	3258	1992	3022	2234	1107	1107	1107	1	0	0	1	1	1	1	0	0
436.1	Coaltit	1810	33	7	8	5	12	9	9	9	NA	3	2120	1961	1961	2345	2345	2345	2345	NA	2345	1	1	0	1	0	0	0	NA	0
162.1	Coaltit	1130	90	19	32	35	34	38	34	47	36	35	1028	1028	1028	1028	1028	1028	1028	1028	1028	1	0	0	0	0	0	0	0	0
163	Coaltit	480	33	7	12	11	18	16	13	17	15	5	1889	1889	1889	1889	1889	1889	1889	1889	1889	1	0	0	0	0	0	0	0	0
438.1	Coaltit	1040	37	29	30	12	19	29	12	22	20	18	2007	2007	2007	2007	2007	2007	2007	2007	2007	1	0	0	0	0	0	0	0	0
164	Coaltit	410	8	1	1	5	0	1	0	2	0	1	2214	2214	2214	2214	2214	2214	2214	2214	2214	1	0	0	0	0	0	0	0	0
NA.64	Coaltit	2030	36	NA	11	11	11	15	10	10	12	20	NA	NA	NA	NA	NA	NA	NA	NA	NA	NA	NA	NA	NA	NA	NA	NA	NA	NA
NA.65	Coaltit	1880	66	29	25	9	26	25	25	22	29	9	NA	NA	NA	NA	NA	NA	NA	NA	NA	NA	NA	NA	NA	NA	NA	NA	NA	NA
166	Coaltit	950	56	10	24	18	23	20	22	26	14	12	1902	1902	1902	1902	1902	1902	1902	1902	1902	1	0	0	0	0	0	0	0	0
444	Coaltit	950	41	30	38	23	26	19	20	27	21	27	1992	1992	1992	1992	1992	2234	2234	3256	2423	1	0	0	0	0	1	0	1	1
445.1	Coaltit	1070	63	14	14	10	13	13	15	20	8	22	1118	1961	1458	1458	1458	1458	1458	1458	1458	1	1	1	0	0	0	0	0	0
169.1	Coaltit	1350	35	32	28	22	23	24	27	21	17	15	1119	1119	1119	1119	1119	1119	1119	1119	1119	1	0	0	0	0	0	0	0	0
447	Coaltit	540	14	3	2	1	2	5	5	8	1	1	193	193	193	193	193	193	193	193	193	1	0	0	0	0	0	0	0	0
448	Coaltit	420	1	0	0	1	0	0	0	0	0	0	1994	1994	1994	1994	1994	1994	1994	1994	1994	1	0	0	0	0	0	0	0	0
450.1	Coaltit	1420	27	9	18	12	12	6	13	17	18	12	3272	3272	3272	3272	3272	3272	3272	1760	2687	1	0	0	0	0	0	0	1	1
NA.66	Coaltit	1980	6	2	2	4	3	3	4	2	0	2	NA	NA	NA	NA	NA	NA	NA	NA	NA	NA	NA	NA	NA	NA	NA	NA	NA	NA
174.1	Coaltit	1180	58	26	25	26	30	50	45	41	25	46	1895	1895	1895	1895	1895	1895	1895	1895	1895	1	0	0	0	0	0	0	0	0
175.1	Coaltit	2010	9	2	4	2	3	4	4	6	4	7	3034	3034	3034	3034	3034	3034	3034	3034	3034	1	0	0	0	0	0	0	0	0
NA.67	Coaltit	2220	14	1	2	1	1	1	2	4	0	2	NA	NA	NA	NA	NA	NA	NA	NA	NA	NA	NA	NA	NA	NA	NA	NA	NA	NA
459.1	Coaltit	2310	2	0	1	1	1	2	0	0	0	0	1452	1452	1452	1452	1452	1452	1452	2655	2655	1	0	0	0	0	0	0	1	0
NA.68	Coaltit	2190	30	11	24	10	11	18	13	27	19	17	NA	NA	NA	NA	NA	NA	NA	NA	NA	NA	NA	NA	NA	NA	NA	NA	NA	NA
182.1	Coaltit	1770	93	24	28	21	29	31	30	31	24	36	3032	3032	3032	3032	3032	3032	3032	3032	3032	1	0	0	0	0	0	0	0	0
465.1	Coaltit	1830	82	33	26	22	37	60	36	66	50	57	1256	1255	1255	1256	3297	3297	3297	3297	3297	1	1	0	0	1	0	0	0	0
468.1	Coaltit	1870	81	33	20	21	25	52	33	67	47	55	1255	1255	1255	1255	3297	3297	3297	3297	3297	1	0	0	0	1	0	0	0	0
184.1	Coaltit	1840	82	42	22	39	39	47	37	48	33	49	1515	1515	1515	1515	1515	1515	1515	1515	1515	1	0	0	0	0	0	0	0	0
NA.69	Coaltit	1820	69	21	24	27	22	26	34	39	35	32	NA	NA	NA	NA	NA	NA	NA	NA	NA	NA	NA	NA	NA	NA	NA	NA	NA	NA
NA.70	Coaltit	1850	53	40	22	31	27	34	39	29	55	50	NA	NA	NA	NA	NA	NA	NA	NA	NA	NA	NA	NA	NA	NA	NA	NA	NA	NA
